1 5.811656
2 2.914814
3 1.960551
4 1.482639
5 1.191123
6 1.010433
7 .874041
8 .740382
9 .694117
10 .605454
11 .560816
12 .515722
13 .471508
14 .471770
15 .427197
16 .384628
17 .397402
18 .442383
19 .382425
20 .396879
21 .342885
22 .296927
23 .298277
24 .298553
25 .299308
26 .254440
27 .255291
28 .256717
29 .258784
30 .259019
31 .260351
32 .223784
33 .217477
34 .221294
35 .231298
36 .239321
37 .243955
38 .246994
39 .243095
40 .229943
41 .224903
42 .224603
43 .195283
44 .196087
45 .192627
46 .201631
47 .191016
48 .195827
49 .190976
50 .196486
51 .211243
52 .208781
53 .205210
54 .191242
55 .189123
56 .190530
57 .189380
58 .189828
59 .191769
60 .191128
61 .233241
62 .231851
63 .237403
64 .185927
65 .194821
66 .196799
67 .193752
68 .191405
69 .186565
70 .194713
71 .200412
72 .193058
73 .190941
74 .192593
75 .197979
76 .200307
77 .196991
78 .198269
79 .197742
80 .198613
81 .203477
82 .202667
83 .210275
84 .208310
85 .207353
86 .213251
87 .209722
88 .207508
89 .210207
90 .208523
91 .211986
92 .211279
93 .221153
94 .223203
95 .221473
96 .220563
97 .223507
98 .218031
99 .221537
100 .218478
101 .222872
102 .219466
103 .224518
104 .225213
105 .226964
106 .227225
107 .230924
108 .237227
109 .225301
110 .232289
111 .231759
112 .237651
113 .237288
114 .234940
115 .236112
116 .235221
117 .231695
118 .229567
119 .234378
120 .233163
121 .235179
122 .236641
123 .236315
124 .238328
125 .239625
126 .242819
127 .238088
128 .195498
