1 2.905982
2 1.457409
3 .981206
4 .731655
5 .595735
6 .505376
7 .437228
8 .370230
9 .347531
10 .302282
11 .280179
12 .257988
13 .235384
14 .236199
15 .213979
16 .192218
17 .192126
18 .192025
19 .170098
20 .170355
21 .170516
22 .148312
23 .149200
24 .148957
25 .149264
26 .127185
27 .128392
28 .128458
29 .128499
30 .128307
31 .129477
32 .109136
33 .109156
34 .109788
35 .123063
36 .121812
37 .122222
38 .121849
39 .117535
40 .120856
41 .121512
42 .115729
43 .099851
44 .099091
45 .102316
46 .099266
47 .102095
48 .101489
49 .101227
50 .100165
51 .099673
52 .092211
53 .092765
54 .095525
55 .093557
56 .094985
57 .094938
58 .094758
59 .096177
60 .103358
61 .115754
62 .119856
63 .118221
64 .096259
65 .098254
66 .099519
67 .098070
68 .091236
69 .094160
70 .093744
71 .095836
72 .097751
73 .095051
74 .098587
75 .100854
76 .099867
77 .102308
78 .099692
79 .103193
80 .101784
81 .102051
82 .102213
83 .100046
84 .102834
85 .103950
86 .103174
87 .104869
88 .107132
89 .105104
90 .108497
91 .107402
92 .104539
93 .105838
94 .109117
95 .107073
96 .109712
97 .109958
98 .111069
99 .114081
100 .113833
101 .115153
102 .112814
103 .114417
104 .111477
105 .114344
106 .116663
107 .118547
108 .114104
109 .115197
110 .116322
111 .116880
112 .114809
113 .117598
114 .118614
115 .117068
116 .115474
117 .113470
118 .114951
119 .114997
120 .117341
121 .116551
122 .119327
123 .117941
124 .120744
125 .118016
126 .119291
127 .121660
128 .096448
